0.0 -0.2 0.1 0.56 0.56 0.87
0.25 0.0 0.1 0.56 0.56 0.87
0.0 0.25 0.1 0.56 0.56 0.87
-0.25 0.0 0.1 0.56 0.56 0.87
0.0 0.0 0.4 0.5 0.5 0.9
0.0 0.0 -1.0 0.3 0.3 0.5
-0.22 -0.06 0.14 0.4 0.4 0.8
-0.5 0.1 -0.5 0.2 0.2 0.8
-0.3 0.42 0.1 0.2 0.2 0.8
-0.23 -0.08 0.14 0.4 0.4 0.8
0.22 -0.06 0.14 0.4 0.4 0.8
0.5 0.1 -0.5 0.2 0.2 0.8
0.3 0.42 0.1 0.2 0.2 0.8
0.23 -0.08 0.14 0.4 0.4 0.8
-0.22 -0.03 0.17 0.56 0.56 0.89
-0.5 0.07 -0.4 0.56 0.56 0.89
-0.8 -0.15 0.6 0.48 0.48 1.0
-0.22 -0.03 0.17 0.4 0.4 0.7
-0.5 -0.0 -0.4 0.4 0.4 0.7
-0.8 -0.15 0.6 0.4 0.4 0.7
0.22 -0.03 0.17 0.56 0.56 0.89
0.5 0.07 -0.4 0.56 0.56 0.89
0.8 -0.15 0.6 0.48 0.48 1.0
0.22 -0.03 0.17 0.4 0.4 0.7
0.5 -0.0 -0.4 0.4 0.4 0.7
0.8 -0.15 0.6 0.4 0.4 0.7